../../../../.git/annex/objects/Pk/6P/SHA256E-s19--d6dd4769d00096b3950f80f53aea82b36b866b825cf650f39a4e0c0c6f4869a1.csv/SHA256E-s19--d6dd4769d00096b3950f80f53aea82b36b866b825cf650f39a4e0c0c6f4869a1.csv